0.693147
0.414662
0.241822
0.155322
0.092657
0.0589133
0.0405907
0.0304299
0.0228081
0.0179114
0.0142477
0.0117961
0.0104255
0.0100439
0.00972735
0.00946878
0.00922599
0.00895038
0.00864695
0.00829724
0.0079602
0.00757102
0.00723731
0.00698598
0.00667094
0.00630288
0.00599648
0.00580044
0.00559768
0.00545549
0.0053224
0.005205
0.00511227
0.00494328
0.00482132
0.0047139
0.00454681
0.0043981
0.00430262
0.00419954
0.00400872
0.00386057
0.0037074
0.00355959
0.00334885
0.00313757
0.00295395
0.00277016
0.00260214
0.00247506
0.0023377
0.00213366
0.00195221
0.00180486
0.00166595
0.00152501
0.00141652
0.00134207
0.00128242
0.00123364
0.00118164
0.00113579
0.00108247
0.00104235
0.00100702
0.000975396
0.000940803
0.000898815
0.000870567
0.000838751
0.000809876
0.000782347
0.000762939
0.000745495
0.000716622
0.000687647
0.000663571
0.000642318
0.000632036
0.000622245
0.000594215
0.000579899
0.00057898
0.000577075
0.000574763
0.000573053
0.000572258
0.000570958
0.000569278
0.000567981
0.000565515
0.000562464
0.000556855
0.000550562
0.000544352
0.000535144
0.000522126
0.000509005
0.000496312
0.000488119
0.000481973
0.000475771
0.000468926
0.000463649
0.00045829
0.000451433
0.000445685
0.000439721
0.000434893
0.00042957
0.000421673
0.00041478
0.000410551
0.000406211
0.000397931
0.00039782
0.000397459
0.000396978
0.000397013
0.000396851
0.000396535
0.000395933
0.000394661
0.000392632
0.000390422
0.000385987
0.000380762
0.000375491
0.000372611
0.000370037
0.000367334
0.000365227
0.000362591
0.000360181
0.000357535
0.000355661
0.000352318
0.000348793
0.000346487
0.000343649
0.000341217
0.000341257
0.00034115
0.000341328
0.000341338
0.000341317
0.000341021
0.0003401
0.000338993
0.000336298
0.000333255
0.000331036
0.000329695
0.000328289
0.000327181
0.000325705
0.000324315
0.000323009
0.000321528
0.000319391
0.000318098
0.000315995
0.000315521
0.000315565
0.000315726
0.000315859
0.000315937
0.000315775
0.000315217
0.000314266
0.000312366
0.00031058
0.000309737
0.000308875
0.000308219
0.000307353
0.000306437
0.000305761
0.00030432
0.000303263
0.000302147
0.000301635
0.000301729
0.000301926
0.000302065
0.000302153
0.000301949
0.000301564
0.000300303
0.000298993
0.000298418
0.000297853
0.000297423
0.000296832
0.000296215
0.000295596
0.000294618
0.000294179
0.000293333
0.000293468
0.000293646
0.000293797
0.000293895
0.000293745
0.000293337
0.000292314
0.000291609
0.000291227
0.000290909
0.000290531
0.000290092
0.000289692
0.000288952
0.00028857
0.000288101
0.000288227
0.000288404
0.000288554
0.000288583
0.000288442
0.000287812
0.000287118
0.00028685
0.000286594
0.000286327
0.000286017
0.000285707
0.00028516
0.000284788
0.000284645
0.000284778
0.000284935
0.000285059
0.000285024
0.000284749
0.000284125
0.000283863
0.000283659
0.000283474
0.000283261
0.00028303
0.0002826
0.00028225
0.000282254
0.000282388
0.000282529
0.00028262
0.000282573
0.000282193
0.000281793
0.000281639
0.00028153
0.000281348
0.000281215
0.000280859
0.000280624
0.000280536
0.000280658
0.00028079
0.000280876
0.000280844
0.000280497
0.000280234
0.000280111
0.000280007
0.000279879
0.00027971
0.000279488
0.000279244
0.000279355
0.000279483
0.000279588
0.000279597
0.000279395
0.000279117
0.000279024
0.000278953
0.000278848
0.000278715
0.000278532
0.000278346
0.000278447
0.000278562
0.000278655
0.000278656
0.000278421
0.000278259
0.000278188
0.000278127
0.00027805
0.000277871
0.000277736
0.000277722
0.000277821
0.000277917
0.00027795
0.000277823
0.000277638
0.00027758
0.000277529
0.000277462
0.000277329
0.000277211
0.000277202
0.000277292
0.000277379
0.000277407
0.000277276
0.000277145
0.0002771
0.000277056
0.000277008
0.000276862
0.000276747
0.000276825
0.00027691
0.000276976
0.000276959
0.000276785
0.000276741
0.000276709
0.000276661
0.000276568
0.000276481
0.000276489
0.000276566
0.000276635
0.000276648
0.000276497
0.000276454
0.000276426
0.000276383
0.000276305
0.000276226
0.000276241
0.000276312
0.000276372
0.00027637
0.000276241
0.000276211
0.000276188
0.000276161
0.000276069
0.000276
0.000276059
0.000276123
0.000276164
0.000276106
0.000276035
0.000276017
0.000275987
0.000275937
0.000275881
0.000275871
0.000275929
0.000275979
0.000275972
0.000275882
0.000275862
0.000275843
0.000275813
0.000275752
0.000275727
0.000275778
0.000275828
0.000275834
0.00027575
0.000275733
0.000275716
0.000275688
0.000275636
0.000275617
0.000275663
0.000275706
0.000275699
0.000275636
0.000275623
0.000275603
0.000275566
0.000275518
0.000275531
0.000275575
0.000275609
0.000275571
0.000275537
0.000275525
0.000275506
0.000275456
0.000275429
0.000275466
0.000275505
0.000275516
0.000275459
0.000275449
0.000275432
0.0002754
0.000275356
0.000275378
0.000275415
0.000275441
0.000275394
0.000275379
0.000275368
0.000275345
0.00027531
0.000275308
0.000275341
0.000275368
0.000275334
0.000275318
0.000275307
0.000275288
0.000275255
0.00027525
0.00027528
0.000275305
0.000275273
0.00027526
0.000275249
0.000275228
0.000275193
0.000275202
0.000275229
0.000275251
0.000275215
0.000275207
0.000275195
0.000275167
0.00027514
0.000275161
0.000275187
0.000275191
0.000275166
0.000275159
0.000275145
0.000275115
0.000275105
0.000275126
0.00027515
0.000275128
0.000275119
0.000275108
0.000275086
0.000275058
0.000275075
0.000275098
0.0002751
0.000275082
0.000275074
0.000275062
0.000275035
0.000275032
0.000275051
0.000275069
0.000275046
0.00027504
0.000275027
0.000275002
0.000274994
0.00027501
0.000275029
0.000275011
0.000275005
0.000274994
0.000274971
0.00027496
0.000274974
0.000274993
0.000274979
0.000274973
0.000274962
0.00027494
0.000274929
0.000274942
0.00027496
0.000274947
0.000274941
0.000274931
0.000274909
0.000274901
0.000274914
0.000274931
0.000274917
0.000274911
0.0002749
0.000274878
0.000274875
0.000274888
0.0002749
0.000274887
0.00027488
0.000274867
0.000274846
0.000274851
0.000274866
0.000274865
0.000274859
0.000274849
0.000274831
0.000274821
0.00027483
0.000274846
0.000274836
0.000274831
0.00027482
0.0002748
0.0002748
0.000274812
0.000274815
0.000274809
0.0002748
0.000274783
0.000274774
0.000274782
0.000274796
0.000274788
0.000274782
0.00027477
0.000274752
0.000274756
0.000274769
0.000274765
0.000274762
0.000274752
0.000274735
0.000274732
0.000274742
0.000274746
0.000274742
0.000274733
0.000274717
0.000274711
0.000274718
0.000274728
0.000274722
0.000274714
0.0002747
0.00027469
0.000274696
0.000274709
0.000274703
0.000274696
0.000274682
0.000274671
0.000274677
0.000274689
0.000274684
0.000274677
0.000274664
0.000274653
0.000274658
0.00027467
0.000274665
0.000274659
0.000274646
0.000274636
0.000274641
0.000274652
0.000274647
0.00027464
0.000274627
0.00027462
0.000274625
0.000274633
0.00027463
0.000274622
0.000274608
0.000274604
0.000274611
0.000274614
0.000274612
0.000274604
0.000274589
0.000274589
0.000274599
0.000274599
0.000274595
0.000274585
0.000274573
0.000274575
0.000274587
0.000274583
0.000274577
0.000274564
0.000274558
0.000274564
0.000274569
0.000274567
0.000274559
0.000274545
0.000274545
0.000274556
0.000274555
0.00027455
0.000274539
0.000274531
0.000274535
0.000274542
0.00027454
0.000274533
0.000274519
0.000274519
0.000274529
0.000274529
0.000274524
0.000274512
0.000274506
0.000274511
0.000274515
0.000274514
0.000274507
0.000274494
0.000274495
0.000274506
0.000274504
0.000274497
0.000274485
0.000274483
0.000274491
0.000274492
0.000274488
0.000274478
0.000274471
0.000274476
0.00027448
0.000274479
0.000274472
0.000274461
0.000274463
0.000274471
0.000274469
0.000274463
0.00027445
0.000274451
0.000274461
0.000274459
0.000274454
0.000274443
0.000274441
0.000274449
0.00027445
0.000274445
0.000274434
0.000274431
0.000274438
0.00027444
0.000274436
0.000274426
0.000274422
0.000274428
0.00027443
0.000274427
0.000274418
0.000274413
0.000274418
0.000274421
0.000274419
0.000274409
0.000274404
0.00027441
0.000274412
0.00027441
0.0002744
0.000274396
0.000274402
0.000274404
0.000274401
0.000274392
0.000274388
0.000274395
0.000274397
0.000274393
0.000274383
0.000274381
0.000274389
0.000274389
0.000274384
0.000274374
0.000274373
0.000274383
0.000274381
0.000274376
0.000274366
0.000274367
0.000274375
0.000274373
0.000274368
0.00027436
0.000274361
0.000274366
0.000274365
0.000274358
0.000274352
0.000274358
0.00027436
0.000274357
0.000274348
0.000274346
0.000274354
0.000274354
0.000274349
0.00027434
0.000274341
0.000274348
0.000274347
0.00027434
0.000274334
0.000274338
0.000274341
0.000274339
0.000274331
0.000274328
0.000274337
0.000274336
0.000274331
0.000274324
0.000274325
0.000274329
0.000274329
0.000274321
0.000274318
0.000274324
0.000274325
0.000274321
0.000274312
0.000274314
0.000274319
0.000274319
0.000274312
0.000274308
0.000274313
0.000274315
0.000274311
0.000274303
0.000274304
0.000274309
0.000274309
0.000274302
0.000274299
0.000274305
0.000274305
0.000274301
0.000274295
0.000274296
0.0002743
0.000274299
0.000274292
0.00027429
0.000274297
0.000274296
0.000274292
0.000274286
0.000274289
0.000274292
0.000274289
0.000274282
0.000274282
0.000274288
0.000274287
0.000274281
0.000274278
0.000274285
0.000274284
0.00027428
0.000274275
0.000274278
0.000274281
0.000274278
0.000274271
0.000274272
0.000274276
0.000274276
0.000274269
0.000274267
0.000274274
0.000274273
0.000274268
0.000274264
0.00027427
0.00027427
0.000274266
0.000274261
0.000274265
0.000274267
0.000274264
0.000274259
0.00027426
0.000274263
0.000274262
0.000274255
0.000274256
0.00027426
0.000274259
0.000274253
0.000274252
0.000274258
0.000274257
0.000274252
0.000274249
0.000274256
