581188
581717
582599
583834
585423
587365
589660
592308
595309
598664
602372
606433
610847
615614
620735
626209
632036
638216
644749
651636
658876
666469
674416
682716
691369
700375
709734
719447
729513
739932
750704
761829
773308
785140
797325
809863
822754
835999
849597
863548
877853
892511
907522
922886
938603
954674
971098
987875
1005005
1022488
1040325
1058515
1077058
1095954
1115203
1134806
1154762
1175071
1195734
1216750
1238119
1259841
1281916
1304345
1327127
1350262
1373750
1397591
1421786
1446334
1471235
1496489
1522096
1548057
1574371
1601038
1628059
1655433
1683160
1711240
1739673
1768460
1797600
1827093
1856939
1887138
1917691
1948597
1979856
2011468
2043433
2075752
2108424
2141449
2174828
2208560
2242645
2277083
2311874
2347019
2382517
2418368
2454572
2491129
2528040
2565304
2602921
2640891
2679214
2717891
2756921
2796304
2836040
2876129
2916572
2957368
2998517
3040020
3081876
3124085
3166647
3209562
3252831
3296453
3340428
3384756
3429437
3474472
3519860
3565601
3611695
3658142
3704943
3752097
3799604
3847465
3895679
3944246
3993166
4042439
4092066
4142046
4192379
4243065
4294104
4345497
4397243
4449342
4501794
4554599
4607758
4661270
4715135
4769354
4823926
4878851
4934129
4989760
5045745
5102083
5158774
5215818
5273215
5330966
5389070
5447527
5506337
5565500
5625017
5684887
5745110
5805687
5866617
5927900
5989536
6051525
6113868
6176564
6239613
6303015
6366770
6430879
6495341
6560156
6625324
6690845
6756720
6822948
6889529
6956464
7023752
7091393
7159387
7227734
7296435
7365489
7434896
7504656
7574769
7645236
7716056
7787229
7858755
7930634
8002867
8075453
8148392
8221685
8295331
8369330
8443682
8518387
8593446
8668858
8744623
8820741
8897212
8974037
9051215
9128746
9206630
9284867
9363458
9442402
9521699
9601349
9681352
9761709
9842419
9923482
10004899
10086669
10168792
10251268
10334097
10417280
10500816
10584705
10668947
10753542
10838491
10923793
11009448
11095456
11181817
11268532
11355600
11443021
11530796
11618924
11707405
11796239
11885426
11974967
12064861
12155108
12245708
12336661
12427968
12519628
12611641
12704007
12796726
12889799
12983225
13077004
13171137
13265623
13360462
13455654
13551199
13647098
13743350
13839955
13936913
14034224
14131889
14229907
14328278
14427002
14526079
14625510
14725294
14825431
14925922
15026766
15127963
15229513
15331416
15433673
15536283
15639246
15742562
15846231
15950254
16054630
16159359
16264441
16369876
16475665
16581807
16688302
16795151
16902353
17009908
17117816
17226077
17334692
17443660
17552981
17662655
17772682
17883063
17993797
18104884
18216324
18328117
18440264
18552764
18665617
18778823
18892382
19006295
19120561
19235180
19350153
19465479
19581158
19697190
19813575
19930314
20047406
20164851
20282649
20400800
20519305
20638163
20757374
20876938
20996855
21117126
21237750
21358727
21480058
21601742
21723779
21846169
21968912
22092009
22215459
22339262
22463418
22587927
22712790
22838006
22963575
23089497
23215772
23342401
23469383
23596718
23724407
23852449
23980844
24109592
24238693
24368148
24497956
24628117
24758631
24889498
25020719
25152293
25284220
25416500
25549133
25682120
25815460
25949153
26083200
26217600
26352353
26487459
26622918
26758731
26894897
27031416
27168288
27305513
27443092
27581024
27719309
27857947
27996938
28136283
28275981
28416032
28556437
28697195
28838306
28979770
29121587
29263758
29406282
29549159
29692389
29835972
29979909
30124199
30268842
30413838
30559187
30704890
30850946
30997355
31144118
31291234
31438703
31586525
31734700
31883229
32032111
32181346
32330934
32480875
32631170
32781818
32932819
33084173
33235880
33387941
33540355
33693122
33846242
33999715
34153542
34307722
34462255
34617142
34772382
34927975
35083921
35240220
35396873
35553879
35711238
35868950
36027015
36185434
36344206
36503331
36662809
36822640
36982825
37143363
37304254
37465499
37627097
37789048
37951352
38114009
38277020
38440384
38604101
38768171
38932594
39097371
39262501
39427984
39593820
39760009
39926552
40093448
40260697
40428300
40596256
40764565
40933227
41102242
41271611
41441333
41611408
41781836
41952617
42123752
42295240
42467081
42639275
42811822
42984723
43157977
43331584
43505545
43679859
43854526
44029546
44204919
44380646
44556726
44733159
44909945
45087084
45264577
45442423
45620622
45799174
45978079
46157338
46336950
46516915
46697234
46877906
47058931
47240309
47422040
47604125
47786563
47969354
48152498
48335995
48519846
48704050
48888607
49073517
49258780
49444397
49630367
49816690
50003366
50190395
50377778
50565514
50753603
50942046
51130842
51319991
51509493
51699348
51889557
52080119
52271034
52462302
52653923
52845898
53038226
53230907
53423941
53617328
53811069
54005163
54199610
54394411
54589565
54785072
54980932
55177145
55373712
55570632
55767905
55965531
56163510
56361843
56560529
56759568
56958960
57158705
57358804
57559256
57760061
57961220
58162732
58364597
58566815
58769386
58972311
59175589
59379220
59583204
59787541
59992232
60197276
60402673
60608423
60814526
61020983
61227793
61434956
61642473
61850343
62058566
62267142
62476071
62685354
62894990
63104979
63315321
63526016
63737065
63948467
64160222
64372330
64584791
64797606
65010774
65224295
65438170
65652398
65866979
66081913
66297200
66512841
66728835
66945182
67161882
67378935
67596342
67814102
68032215
68250681
68469500
68688673
68908199
69128078
69348311
69568897
69789836
70011128
70232773
70454772
70677124
70899829
71122887
71346298
71570063
71794181
72018652
72243476
72468653
72694184
72920068
73146305
73372895
73599838
73827135
74054785
74282788
74511145
74739855
74968918
75198334
75428103
75658226
75888702
76119531
76350713
76582248
76814137
77046379
77278974
77511922
77745223
77978878
78212886
78447247
78681962
78917030
79152451
79388225
79624352
79860833
80097667
80334854
80572394
80810287
81048534
81287134
81526087
81765393
82005052
82245065
82485431
82726150
82967223
83208649
83450428
83692560
83935045
84177884
84421076
84664621
84908519
85152770
85397375
85642333
85887644
86133308
86379325
86625696
86872420
87119497
87366928
87614712
87862849
88111339
88360182
88609379
88858929
89108832
89359088
89609697
89860660
90111976
90363645
90615667
90868042
91120771
91373853
91627288
91881077
92135219
92389714
92644562
92899763
93155318
93411226
93667487
93924101
94181068
94438389
94696063
94954090
95212470
95471203
95730290
95989730
96249523
96509669
96770168
97031021
97292227
97553786
97815699
98077965
98340584
98603556
98866881
99130560
99394592
99658977
99923715
100188806
100454251
100720049
100986200
101252704
101519561
101786772
102054336
102322253
102590524
102859148
103128125
103397455
103667138
103937175
104207565
104478308
104749404
105020853
105292656
105564812
105837321
106110183
106383398
106656967
106930889
107205164
107479793
107754775
108030110
108305798
108581839
108858234
109134982
109412083
109689537
109967344
110245505
110524019
110802886
111082106
111361679
111641606
111921886
112202519
112483506
112764846
113046539
113328585
113610984
